Generated with curve secp192r1
-------------------------------

Private-Key:
------------
0219a1e6db11f35f28dd2f5bddceb48a6743a0418bfdcb6b
2 25 161 230 219 17 243 95 40 221 47 91 221 206 180 138 103 67 160 65 139 253 203 107

Public-Key:
-----------
005a142baee297105658b624c7a4a89937f60d9ed6a64196cec69a7ea147d893b90358532c4db2e26b1318f8cecf4eed
0 90 20 43 174 226 151 16 86 88 182 36 199 164 168 153 55 246 13 158 214 166 65 150 206 198 154 126 161 71 216 147 185 3 88 83 44 77 178 226 107 19 24 248 206 207 78 237